#  dist  mag_tot 
      0  51978.2  
      5  51990.2  
     10  52009.4  
     15  51999.4  
     20  52026.0  
     25  52030.3  
     30  52045.7  
     35  52019.9  
     40  52035.0  
     45  52029.4  
     50  52040.0  
     55  52074.1  
     60  52101.4  
     65  52134.0  
     70  52270.2  
     75  52174.1  
     80  52180.0  
     85  52306.1  
     90  52725.4  
     95  53300.5  
    100  52774.9  
    105  51923.1  
    110  52082.2  
    115  52283.1  
    120  52259.1  
    125  52338.6  
    130  52378.7  
    135  52529.8  
    140  52758.7  
    145  53177.0  
    150  53563.9  
    155  54312.7  
    160  56912.3  
    165  52511.3  
    170  58047.9  
    175  55274.0  
    180  55126.1  
    185  53062.5  
    190  52629.7  
    195  52163.2  
    200  51909.2  
    205  51829.4  
    210  51805.0  
    215  51809.2  
    220  51830.1  
    225  51878.1  
    230  51900.3  
    235  51909.6  
    240  51922.2  
    245  51900.0  
    250  51922.2  
    255  51941.8  
    260  51954.4  
    265  51996.5  
    270  52032.5  
    275  51983.7  
    280  52049.8  
    285  52011.5  
    290  52057.3  
    295  52117.5  
    300  52107.3  
    305  52089.1  
    310  52066.1  
    315  52076.8  
    320  52153.3  
    325  52158.5  
    330  52071.5  
    335  52098.0  
    340  52151.0  
    345  52199.0  
    350  52289.8  
    355  52397.2  
    360  52550.2  
    365  52534.9  
    370  52444.2  
    375  52363.9  